3919 508113.py [10]
3919 508147.py [8]
3919 508151.py [9, 11]
3919 508152.py [8]
3919 508154.py [7]
3919 508229.py [5]
3919 508231.py [5]
3919 508234.py [5]
3919 508329.py [8]
3919 512250.py [25]
3919 512251.py [25]
3919 514532.py [16, 18, 20]
3919 559750.py [4]
3921 508184.py [2, 3, 4]
3921 508185.py [2, 3, 4]
3921 508423.py [2]
3922 508038.py [7, 9, 10]
3922 508192.py [6, 10, 11]
3922 508195.py [7]
3922 508221.py [6]
3922 508230.py [5, 7]
3922 508232.py [7]
3922 508362.py [10]
3922 508385.py [10, 11]
3922 508429.py [10]
3922 508868.py [11]
3922 508883.py [7]
3922 508904.py [11]
3922 512271.py [10]
3922 512277.py [10]
3922 512278.py [10]
3923 508552.py [7, 10, 13]
3923 508674.py [31, 32]
3923 508675.py [31, 32]
3923 508690.py [32]
3923 512361.py [2, 3, 4]
3923 518099.py [7]
3923 518111.py [12]
3930 518458.py [32]
3930 518586.py [10]
3930 518648.py [40]
3930 518790.py [12, 17]
3930 522782.py [3, 4]
3930 522783.py [3]
3943 518997.py [17, 19]
3943 519020.py [13]
3943 519204.py [11]
3943 519208.py [5]
3943 519220.py [4, 6, 8]
3943 519239.py [8, 9, 11]
3943 524773.py [5]
3955 508290.py [5]
3955 508425.py [8, 11]
3955 508437.py [8, 11]
3955 508533.py [5, 7, 8]
3955 508560.py [8]
3955 508569.py [8]
3955 508571.py [8]
3955 508581.py [4, 5]
3955 508605.py [5]
3955 508669.py [3, 4, 5]
3955 508687.py [3, 4, 5]
3955 508737.py [13, 15]
3955 508763.py [5]
3955 508765.py [5, 6]
3955 508773.py [5]
3955 508867.py [5]
3955 508869.py [5]
3955 508956.py [4, 7, 12]
3955 508971.py [7, 10]
3955 509032.py [8, 11]
3955 509078.py [6, 11, 12]
3955 509080.py [6]
3955 509082.py [11, 12]
3955 509087.py [11, 12]
3955 509090.py [6]
3955 518068.py [2]
